 21 2881.756142 6.591E-30 1.994E-04.06730.082 2893.20070.75-.002549       4 0 0 04       0 0 0 11                    R 37e     466663342910 9 711    77.0   75.0
 21 2883.735540 5.267E-30 2.026E-04.06700.080 2952.75970.75-.002615       4 0 0 04       0 0 0 11                    R 39e     466663342910 9 711    81.0   79.0
 21 2885.732971 4.138E-30 2.060E-04.06680.079 3015.40590.75-.002678       4 0 0 04       0 0 0 11                    R 41e     466563342910 9 711    85.0   83.0
 21 2887.747924 3.198E-30 2.096E-04.06650.077 3081.13820.74-.002739       4 0 0 04       0 0 0 11                    R 43e     466563342910 9 711    89.0   87.0
 21 2889.782574 2.431E-30 2.133E-04.06630.076 3149.95560.74-.002798       4 0 0 04       0 0 0 11                    R 45e     366563202910 9 711    93.0   91.0
 21 2891.831338 1.818E-30 2.172E-04.06620.075 3221.85690.74-.002854       4 0 0 04       0 0 0 11                    R 47e     366563202910 9 711    97.0   95.0
 21 2893.896020 1.337E-30 2.212E-04.06590.074 3296.84080.74-.002908       4 0 0 04       0 0 0 11                    R 49e     366563202910 9 711   101.0   99.0
 21 2941.614628 1.204E-30 9.183E-04.06320.070 3627.57890.72-.002694       4 0 0 03       0 0 0 11                    P 57e     365553202910 9 711   113.0  115.0
 21 2942.784810 1.773E-30 9.178E-04.06420.071 3540.27660.73-.002672       4 0 0 03       0 0 0 11                    P 55e     365553202910 9 711   109.0  111.0
 21 2943.970794 2.570E-30 9.179E-04.06500.072 3456.05220.73-.002651       4 0 0 03       0 0 0 11                    P 53e     365553202910 9 711   105.0  107.0
 21 2945.173037 3.664E-30 9.177E-04.06560.073 3374.90640.74-.002631       4 0 0 03       0 0 0 11                    P 51e     465553342910 9 711   101.0  103.0
 21 2946.389972 5.138E-30 9.176E-04.06590.074 3296.84090.74-.002611       4 0 0 03       0 0 0 11                    P 49e     466563342910 9 711    97.0   99.0
 21 2947.621858 7.085E-30 9.174E-04.06620.075 3221.85690.74-.002592       4 0 0 03       0 0 0 11                    P 47e     466563342910 9 711    93.0   95.0
 21 2948.046200 1.039E-30 2.628E-08.06080.068 1522.16110.71-.004414       0 1 1 11       0 0 0 01m                   P 62e     445553253510 9 711   123.0  125.0
 21 2948.868462 9.608E-30 9.174E-04.06630.077 3149.95560.74-.002573       4 0 0 03       0 0 0 11                    P 45e     466563342910 9 711    89.0   91.0
 21 2950.090300 1.601E-30 2.632E-08.06170.069 1426.41530.72-.004374       0 1 1 11       0 0 0 01m                   P 60e     445553253510 9 711   119.0  121.0
 21 2950.129570 1.281E-29 9.173E-04.06650.078 3081.13820.75-.002555       4 0 0 03       0 0 0 11                    P 43e     466563342910 9 711    85.0   87.0
 21 2951.404987 1.678E-29 9.169E-04.06680.080 3015.40590.75-.002538       4 0 0 03       0 0 0 11                    P 41e     466563342910 9 711    81.0   83.0
 21 2952.118500 2.428E-30 2.636E-08.06270.070 1333.76790.72-.004333       0 1 1 11       0 0 0 01m                   P 58e     445553253510 9 711   115.0  117.0
 21 2952.694534 2.162E-29 9.173E-04.06700.081 2952.75970.75-.002521       4 0 0 03       0 0 0 11                    P 39e     466663342910 9 711    77.0   79.0
 21 2953.998050 2.735E-29 9.172E-04.06730.083 2893.20070.74-.002506       4 0 0 03       0 0 0 11                    P 37e     466663342910 9 711    73.0   75.0
 21 2954.130800 3.623E-30 2.640E-08.06380.070 1244.22040.73-.004293       0 1 1 11       0 0 0 01m                   P 56e     445553253510 9 711   111.0  113.0
 21 2955.315388 3.400E-29 9.175E-04.06770.084 2836.72980.74-.002492       4 0 0 03       0 0 0 11                    P 35e     466663342910 9 711    69.0   71.0
 21 2956.127300 5.318E-30 2.645E-08.06470.071 1157.77410.73-.004252       0 1 1 11       0 0 0 01m                   P 54e     445553253510 9 711   107.0  109.0
 21 2956.646413 4.149E-29 9.177E-04.06810.086 2783.34800.74-.002480       4 0 0 03       0 0 0 11                    P 33e     466663342910 9 711    65.0   67.0
 21 2957.991004 4.970E-29 9.182E-04.06850.088 2733.05620.74-.002468       4 0 0 03       0 0 0 11                    P 31e     466663342910 9 711    61.0   63.0
 21 2958.108000 7.679E-30 2.649E-08.06530.072 1074.43060.74-.004212       0 1 1 11       0 0 0 01m                   P 52e     445553253510 9 711   103.0  105.0
 21 2959.349051 5.841E-29 9.189E-04.06900.089 2685.85510.73-.002459       4 0 0 03       0 0 0 11                    P 29e     466663342910 9 711    57.0   59.0
 21 2960.072800 1.090E-29 2.652E-08.06580.074  994.19130.74-.004171       0 1 1 11       0 0 0 01m                   P 50e     446553253510 9 711    99.0  101.0
 21 2960.720452 6.730E-29 9.198E-04.06960.091 2641.74570.73-.002451       4 0 0 03       0 0 0 11                    P 27e     466663342910 9 711    53.0   55.0
 21 2962.021600 1.523E-29 2.658E-08.06600.075  917.05730.74-.004131       0 1 1 11       0 0 0 01m                   P 48e     446563253510 9 711    95.0   97.0
 21 2962.105118 7.598E-29 9.211E-04.07020.093 2600.72850.72-.002444       4 0 0 03       0 0 0 11                    P 25e     466663342910 9 711    49.0   51.0
 21 2963.502966 8.395E-29 9.225E-04.07090.095 2562.80430.72-.002440       4 0 0 03       0 0 0 11                    P 23e     466663342910 9 711    45.0   47.0
 21 2963.954600 2.091E-29 2.662E-08.06620.076  843.03010.74-.004090       0 1 1 11       0 0 0 01m                   P 46e     446563253510 9 711    91.0   93.0
 21 2964.913920 9.070E-29 9.244E-04.07170.096 2527.97370.71-.002437       4 0 0 03       0 0 0 11                    P 21e     466663342910 9 711    41.0   43.0
 21 2965.871900 2.822E-29 2.665E-08.06640.077  772.11070.74-.004050       0 1 1 11       0 0 0 01m                   P 44e     446563253510 9 711    87.0   89.0
 21 2966.337913 9.566E-29 9.268E-04.07260.098 2496.23730.70-.002435       4 0 0 03       0 0 0 11                    P 19e     466663342910 9 711    37.0   39.0
 21 2967.773100 3.743E-29 2.669E-08.06660.079  704.30050.75-.004011       0 1 1 11       0 0 0 01m                   P 42e     446563253510 9 711    83.0   85.0
 21 2967.774883 9.829E-29 9.298E-04.07370.100 2467.59560.70-.002435       4 0 0 03       0 0 0 11                    P 17e     466663342910 9 711    33.0   35.0
 21 2969.224773 9.812E-29 9.338E-04.07480.102 2442.04910.69-.002436       4 0 0 03       0 0 0 11                    P 15e     466663342910 9 711    29.0   31.0
 21 2969.658500 4.880E-29 2.672E-08.06690.080  639.60040.75-.003972       0 1 1 11       0 0 0 01m                   P 40e     446663253510 9 711    79.0   81.0
 21 2970.625932 1.113E-30 8.169E-04.06750.084 3520.04640.74-.002499       4 1 1 03       0 1 1 11                    P 36e     366663202910 9 711    71.0   73.0
 21 2970.687530 9.478E-29 9.391E-04.07620.104 2419.59810.68-.002436       4 0 0 03       0 0 0 11                    P 13e     466663342910 9 711    25.0   27.0
 21 2971.360636 1.004E-30 8.276E-04.06730.083 3549.53960.74-.002506       4 1 1 03       0 1 1 11                    P 37f     366663202910 9 711    73.0   75.0
 21 2971.528000 6.249E-29 2.675E-08.06720.082  578.01160.75-.003933       0 1 1 11       0 0 0 01m                   P 38e     446663253510 9 711    75.0   77.0
 21 2971.954692 1.370E-30 8.164E-04.06790.085 3465.05660.74-.002486       4 1 1 03       0 1 1 11                    P 34e     366663202910 9 711    67.0   69.0
 21 2972.163109 8.806E-29 9.464E-04.07780.107 2400.24310.68-.002434       4 0 0 03       0 0 0 11                    P 11e     466663342910 9 711    21.0   23.0
 21 2972.531493 1.247E-30 8.265E-04.06770.084 3492.91650.74-.002492       4 1 1 03       0 1 1 11                    P 35f     366663202910 9 711    69.0   71.0
 21 2973.296476 1.657E-30 8.167E-04.06830.087 3413.15970.74-.002474       4 1 1 03       0 1 1 11                    P 32e     366663202910 9 711    63.0   65.0
 21 2973.381500 7.859E-29 2.678E-08.06750.084  519.53500.74-.003895       0 1 1 11       0 0 0 01m                   P 36e     446663253510 9 711    71.0   73.0
 21 2973.651466 7.794E-29 9.570E-04.07970.109 2383.98440.68-.002428       4 0 0 03       0 0 0 11                    P  9e     466663342910 9 711    17.0   19.0
 21 2973.724150 1.520E-30 8.251E-04.06810.086 3439.39090.74-.002480       4 1 1 03       0 1 1 11                    P 33f     366663202910 9 711    65.0   67.0
 21 2974.651257 1.966E-30 8.170E-04.06880.088 3364.35670.74-.002463       4 1 1 03       0 1 1 11                    P 30e     366663202910 9 711    59.0   61.0
 21 2974.938560 1.820E-30 8.246E-04.06850.088 3388.96340.74-.002468       4 1 1 03       0 1 1 11                    P 31f     366663202910 9 711    61.0   63.0
 21 2975.152560 6.460E-29 9.740E-04.08200.112 2370.82230.68-.002414       4 0 0 03       0 0 0 11                    P  7e     466663342910 9 711    13.0   15.0
 21 2975.219300 9.705E-29 2.681E-08.06790.085  464.17170.74-.003858       0 1 1 11       0 0 0 01m                   P 34e     446663253510 9 711    67.0   69.0
 21 2976.019012 2.287E-30 8.171E-04.06930.090 3318.64870.73-.002454       4 1 1 03       0 1 1 11                    P 28e     366663202910 9 711    55.0   57.0
 21 2976.174682 2.137E-30 8.239E-04.06900.089 3341.63500.73-.002459       4 1 1 03       0 1 1 11                    P 29f     366663202910 9 711    57.0   59.0
 21 2976.666357 4.845E-29 1.006E-03.08490.116 2360.75690.69-.002382       4 0 0 03       0 0 0 11                    P  5e     466663342910 9 711     9.0   11.0
 21 2977.041000 1.176E-28 2.683E-08.06830.087  411.92250.74-.003821       0 1 1 11       0 0 0 01m                   P 32e     446663253510 9 711    63.0   65.0
 21 2977.399718 2.609E-30 8.180E-04.06990.092 3276.03590.73-.002447       4 1 1 03       0 1 1 11                    P 26e     366663202910 9 711    51.0   53.0
 21 2977.432475 2.460E-30 8.234E-04.06960.091 3297.40650.73-.002451       4 1 1 03       0 1 1 11                    P 27f     366663202910 9 711    53.0   55.0
 21 2978.192822 3.007E-29 1.087E-03.08850.120 2353.78850.70-.002282       4 0 0 03       0 0 0 11                    P  3e     466663342910 9 711     5.0    7.0
 21 2978.711808 2.775E-30 8.233E-04.07020.093 3256.27860.72-.002444       4 1 1 03       0 1 1 11                    P 25f     466663342910 9 711    49.0   51.0
 21 2978.794006 2.913E-30 8.186E-04.07060.094 3236.51930.72-.002442       4 1 1 03       0 1 1 11                    P 24e     466663342910 9 711    47.0   49.0
 21 2978.846900 1.398E-28 2.686E-08.06880.088  362.78830.74-.003786       0 1 1 11       0 0 0 01m                   P 30e     446663253510 9 711    59.0   61.0
 21 2979.731925 1.021E-29 1.813E-03.09500.127 2349.91710.69-.001686       4 0 0 03       0 0 0 11                    P  1e     466663342910 9 711     1.0    3.0
 21 2980.012985 3.064E-30 8.235E-04.07090.095 3218.25190.72-.002440       4 1 1 03       0 1 1 11                    P 23f     466663342910 9 711    45.0   47.0
 21 2980.200578 3.183E-30 8.198E-04.07130.095 3200.09960.71-.002438       4 1 1 03       0 1 1 11                    P 22e     466663342910 9 711    43.0   45.0
 21 2980.636700 1.629E-28 2.688E-08.06930.090  316.76990.73-.003751       0 1 1 11       0 0 0 01m                   P 28e     446663253510 9 711    55.0   57.0
 21 2981.335718 3.308E-30 8.242E-04.07170.096 3183.32720.71-.002437       4 1 1 03       0 1 1 11                    P 21f     466663342910 9 711    41.0   43.0
 21 2981.620036 3.397E-30 8.212E-04.07220.097 3166.77730.71-.002436       4 1 1 03       0 1 1 11                    P 20e     466663342910 9 711    39.0   41.0
 21 2981.841261 1.444E-30 4.989E-05.06010.068 3009.39450.71-.004051       3 1 1 04       1 0 0 01                    P 64e     465553342910 9 711   127.0  129.0
 21 2982.064217 2.043E-29 7.269E-04.09500.123 2349.91710.69-.000495       4 0 0 03       0 0 0 11                    R  1e     466663342910 9 711     5.0    3.0
 21 2982.410700 1.859E-28 2.688E-08.06990.092  273.86800.73-.003718       0 1 1 11       0 0 0 01m                   P 26e     446663253510 9 711    51.0   53.0
 21 2982.679978 3.486E-30 8.253E-04.07260.098 3151.50500.70-.002435       4 1 1 03       0 1 1 11                    P 19f     466663342910 9 711    37.0   39.0
 21 2983.052362 3.536E-30 8.231E-04.07310.099 3136.55310.70-.002435       4 1 1 03       0 1 1 11                    P 18e     466663342910 9 711    35.0   37.0
 21 2983.220777 2.097E-30 4.630E-05.06080.068 2910.51970.71-.004015       3 1 1 04       1 0 0 01                    P 62e     465553342910 9 711   123.0  125.0
 21 2983.634802 4.011E-29 8.087E-04.08850.118 2353.78850.69-.000598       4 0 0 03       0 0 0 11                    R  3e     466663342910 9 711     9.0    7.0
 21 2984.045737 3.578E-30 8.268E-04.07370.100 3122.78580.70-.002435       4 1 1 03       0 1 1 11                    P 17f     466663342910 9 711    33.0   35.0
 21 2984.168600 2.076E-28 2.688E-08.07060.094  234.08340.72-.003685       0 1 1 11       0 0 0 01m                   P 24e     446663253510 9 711    47.0   49.0
 21 2984.497536 3.580E-30 8.255E-04.07420.101 3109.42740.69-.002435       4 1 1 03       0 1 1 11                    P 16e     466663342910 9 711    31.0   33.0
 21 2984.599108 2.991E-30 4.290E-05.06170.069 2814.74520.72-.003980       3 1 1 04       1 0 0 01                    P 60e     465553342910 9 711   119.0  121.0
 21 2985.217939 5.818E-29 8.410E-04.08490.114 2360.75690.68-.000804       4 0 0 03       0 0 0 11                    R  5e     466663342910 9 711    13.0   11.0
 21 2985.432968 3.567E-30 8.289E-04.07480.102 3097.17010.69-.002436       4 1 1 03       0 1 1 11                    P 15f     466663342910 9 711    29.0   31.0
 21 2985.910600 2.267E-28 2.688E-08.07130.095  197.41660.71-.003653       0 1 1 11       0 0 0 01m                   P 22e     446663253510 9 711    43.0   45.0
 21 2985.955538 3.514E-30 8.286E-04.07550.103 3085.40070.68-.002436       4 1 1 03       0 1 1 11                    P 14e     466663342910 9 711    27.0   29.0
 21 2985.976929 4.189E-30 3.966E-05.06270.070 2722.07220.72-.003944       3 1 1 04       1 0 0 01                    P 58e     465553342910 9 711   115.0  117.0
 21 2986.813613 7.391E-29 8.589E-04.08200.111 2370.82230.68-.000992       4 0 0 03       0 0 0 11                    R  7e     466663342910 9 711    17.0   15.0
 21 2986.841643 3.440E-30 8.319E-04.07620.104 3074.65840.68-.002436       4 1 1 03       0 1 1 11                    P 13f     466663342910 9 711    25.0   27.0
 21 2987.354893 5.761E-30 3.659E-05.06380.070 2632.50220.73-.003908       3 1 1 04       1 0 0 01                    P 56e     465553342910 9 711   111.0  113.0
 21 2987.426348 3.326E-30 8.324E-04.07700.105 3064.47340.68-.002436       4 1 1 03       0 1 1 11                    P 12e     466663342910 9 711    23.0   25.0
 21 2987.636500 2.415E-28 2.685E-08.07220.097  163.86840.71-.003622       0 1 1 11       0 0 0 01m                   P 20e     446663253510 9 711    39.0   41.0
 21 2988.271738 3.188E-30 8.360E-04.07780.107 3055.25100.68-.002434       4 1 1 03       0 1 1 11                    P 11f     466663342910 9 711    21.0   23.0
 21 2988.421807 8.671E-29 8.705E-04.07970.108 2383.98440.68-.001159       4 0 0 03       0 0 0 11                    R  9e     466663342910 9 711    21.0   19.0
 21 2988.733632 7.778E-30 3.370E-05.06470.071 2546.03630.73-.003872       3 1 1 04       1 0 0 01                    P 54e     465553342910 9 711   107.0  109.0
 21 2988.909946 3.012E-30 8.376E-04.07870.108 3046.64580.68-.002432       4 1 1 03       0 1 1 11                    P 10e     466663342910 9 711    19.0   21.0
 21 2989.346400 2.507E-28 2.682E-08.07310.099  133.43930.70-.003590       0 1 1 11       0 0 0 01m                   P 18e     446663253510 9 711    35.0   37.0
 21 2989.723226 2.809E-30 8.414E-04.07970.109 3038.94830.68-.002428       4 1 1 03       0 1 1 11                    P  9f     466663342910 9 711    17.0   19.0
 21 2990.042511 9.621E-29 8.790E-04.07780.105 2400.24310.68-.001309       4 0 0 03       0 0 0 11                    R 11e     466663342910 9 711    25.0   23.0
 21 2990.113758 1.030E-29 3.094E-05.06530.072 2462.67570.74-.003836       3 1 1 04       1 0 0 01                    P 52e     465553342910 9 711   103.0  105.0
 21 2990.405512 2.573E-30 8.446E-04.08080.111 3031.91820.68-.002423       4 1 1 03       0 1 1 11                    P  8e     366663202910 9 711    15.0   17.0
 21 2991.040400 2.527E-28 2.676E-08.07420.101  106.12970.69-.003558       0 1 1 11       0 0 0 01m                   P 16e     446663253510 9 711    31.0   33.0
 21 2991.195330 2.309E-30 8.491E-04.08200.112 3025.75050.68-.002414       4 1 1 03       0 1 1 11                    P  7f     366663202910 9 711    13.0   15.0
 21 2991.495862 1.340E-29 2.838E-05.06580.074 2382.42160.74-.003800       3 1 1 04       1 0 0 01                    P 50e     466553342910 9 711    99.0  101.0
 21 2991.675717 1.023E-28 8.862E-04.07620.103 2419.59810.68-.001445       4 0 0 03       0 0 0 11                    R 13e     466663342910 9 711    29.0   27.0
 21 2991.914614 2.016E-30 8.536E-04.08340.114 3020.29100.68-.002401       4 1 1 03       0 1 1 11                    P  6e     366663202910 9 711    11.0   13.0
 21 2992.689496 1.697E-30 8.591E-04.08490.116 3015.65770.69-.002382       4 1 1 03       0 1 1 11                    P  5f     366663202910 9 711     9.0   11.0
 21 2992.718200 2.465E-28 2.667E-08.07550.103   81.94010.68-.003524       0 1 1 11       0 0 0 01m                   P 14e     446663253510 9 711    27.0   29.0
 21 2992.880512 1.708E-29 2.593E-05.06600.075 2305.27510.74-.003765       3 1 1 04       1 0 0 01                    P 48e     466563342910 9 711    95.0   97.0
 21 2993.062500 1.379E-30 5.542E-08.06010.068 1621.00360.71-.004687       0 1 1 11       0 0 0 01m                   Q 64e     445553253510 9 711   129.0  129.0
 21 2993.321421 1.049E-28 8.916E-04.07480.101 2442.04910.69-.001570       4 0 0 03       0 0 0 11                    R 15e     466663342910 9 711    33.0   31.0
 21 2993.436440 1.351E-30 8.633E-04.08660.118 3011.76390.69-.002348       4 1 1 03       0 1 1 11                    P  4e     366663202910 9 711     7.0    9.0
 21 2993.732500 2.161E-30 5.546E-08.06080.068 1522.16110.71-.004637       0 1 1 11       0 0 0 01m                   Q 62e     445553253510 9 711   125.0  125.0
 21 2994.268256 2.135E-29 2.363E-05.06620.076 2231.23730.74-.003730       3 1 1 04       1 0 0 01                    P 46e     466563342910 9 711    91.0   93.0
 21 2994.380100 2.312E-28 2.654E-08.07700.105   60.87090.68-.003485       0 1 1 11       0 0 0 01m                   P 12e     446663253510 9 711    23.0   25.0
 21 2994.381200 3.332E-30 5.549E-08.06170.069 1426.41530.72-.004586       0 1 1 11       0 0 0 01m                   Q 60e     445553253510 9 711   121.0  121.0
 21 2994.979624 1.043E-28 8.962E-04.07370.099 2467.59560.70-.001686       4 0 0 03       0 0 0 11                    R 17e     466663342910 9 711    37.0   35.0
 21 2995.008600 5.056E-30 5.553E-08.06270.070 1333.76790.72-.004534       0 1 1 11       0 0 0 01m                   Q 58e     445553253510 9 711   117.0  117.0
 21 2995.614700 7.548E-30 5.556E-08.06380.070 1244.22040.73-.004481       0 1 1 11       0 0 0 01m                   Q 56e     445553253510 9 711   113.0  113.0
 21 2995.659620 2.615E-29 2.147E-05.06640.077 2160.30910.74-.003695       3 1 1 04       1 0 0 01                    P 44e     466563342910 9 711    87.0   89.0
 21 2996.025700 2.065E-28 2.632E-08.07870.108   42.92250.68-.003439       0 1 1 11       0 0 0 01m                   P 10e     446663253510 9 711    19.0   21.0
 21 2996.199700 1.109E-29 5.562E-08.06470.071 1157.77410.73-.004427       0 1 1 11       0 0 0 01m                   Q 54e     445553253510 9 711   109.0  109.0
 21 2996.650330 1.010E-28 9.012E-04.07260.097 2496.23730.71-.001794       4 0 0 03       0 0 0 11                    R 19e     466663342910 9 711    41.0   39.0
 21 2996.763400 1.602E-29 5.564E-08.06530.072 1074.43060.74-.004371       0 1 1 11       0 0 0 01m                   Q 52e     445553253510 9 711   105.0  105.0
 21 2997.055110 3.138E-29 1.944E-05.06660.079 2092.49160.75-.003661       3 1 1 04       1 0 0 01                    P 42e     466563342910 9 711    83.0   85.0
 21 2997.306000 2.276E-29 5.566E-08.06580.074  994.19130.74-.004315       0 1 1 11       0 0 0 01m                   Q 50e     446553253510 9 711   101.0  101.0
 21 2997.655300 1.727E-28 2.598E-08.08080.111   28.09510.68-.003380       0 1 1 11       0 0 0 01m                   P  8e     446663253510 9 711    15.0   17.0
 21 2997.827400 3.180E-29 5.568E-08.06600.075  917.05730.74-.004257       0 1 1 11       0 0 0 01m                   Q 48e     446563253510 9 711    97.0   97.0
 21 2998.327500 4.371E-29 5.572E-08.06620.076  843.03010.74-.004198       0 1 1 11       0 0 0 01m                   Q 46e     446563253510 9 711    93.0   93.0
 21 2998.333552 9.528E-29 9.048E-04.07170.095 2527.97370.71-.001896       4 0 0 03       0 0 0 11                    R 21e     466663342910 9 711    45.0   43.0
 21 2998.455206 3.687E-29 1.754E-05.06690.080 2027.78570.75-.003627       3 1 1 04       1 0 0 01                    P 40e     466663342910 9 711    79.0   81.0
 21 2998.806700 5.905E-29 5.574E-08.06640.077  772.11070.74-.004138       0 1 1 11       0 0 0 01m                   Q 44e     446563253510 9 711    89.0   89.0
 21 2999.264500 7.843E-29 5.577E-08.06660.079  704.30050.75-.004077       0 1 1 11       0 0 0 01m                   Q 42e     446563253510 9 711    85.0   85.0
 21 2999.268800 1.307E-28 2.535E-08.08340.114   16.38900.68-.003300       0 1 1 11       0 0 0 01m                   P  6e     446663253510 9 711    11.0   13.0
 21 2999.676820 1.372E-30 6.745E-04.08850.118 3008.67040.69-.000598       4 1 1 03       0 1 1 11                    R  3f     366663202910 9 711     9.0    7.0
 21 2999.701300 1.024E-28 5.580E-08.06690.080  639.60040.75-.004014       0 1 1 11       0 0 0 01m                   Q 40e     446663253510 9 711    81.0   81.0
 21 2999.860371 4.238E-29 1.575E-05.06720.082 1966.19230.75-.003594       3 1 1 04       1 0 0 01                    P 38e     466663342910 9 711    75.0   77.0
